50 95
Enemy
20 20 700 710 0 1280 4
40 40 300 700 0 1280 1
40 40 900 700 0 1280 3
40 40 750 505 0 1040 3
60 60 350 495 0 1040 1
40 40 920 505 0 1040 3
40 40 660 305 160 1280 3
40 40 210 305 160 1280 2
40 40 700 305 160 1280 3
40 40 580 105 0 1040 1
40 40 160 105 0 1040 2
Platform
160 40 80 540
160 40 240 540
160 40 400 540
160 40 560 540
160 40 720 540
160 40 880 540
160 40 1040 540
160 40 240 340
160 40 400 340
160 40 560 340
160 40 720 340
160 40 880 340
160 40 1040 340
160 40 1200 340
160 40 80 140
160 40 240 140
160 40 400 140
160 40 560 140
160 40 720 140
160 40 880 140
160 40 1040 140
110 20 80 400
110 20 1200 600
110 20 1200 200